ENTIDAD,NOM_ENT ,DISTRITO,INDIGENA,COMPLEJIDA,POBTOT,POBFEM,POBMAS,P_0A2,P_0A2_F,P_0A2_M,P_0A17,P_3A5,P_3A5_F,P_3A5_M,P_6A11,P_6A11_F,P_6A11_M,P_12A14,P_12A14_F,P_12A14_M,P3A5_NOA,P3A5_NOA_F,P3A5_NOA_M,P6A11_NOA,P6A11_NOAF,P6A11_NOAM,P12A14NOA,P12A14NOAF,P12A14NOAM,P3YM_HLI,P3YM_HLI_F,P3YM_HLI_M
1,Aguascalientes,1,NO,Disperso 1,482911,245249,237662,27689,13802,13887,174555,30316,14873,15443,59391,29251,30140,28662,14145,14517,12884,6254,6630,2077,937,1140,2914,1236,1678,718,300,418
1,Aguascalientes,2,NO,Concentrado 1,486085,249098,236987,24904,12319,12585,160970,27159,13234,13925,54166,26948,27218,27278,13431,13847,11176,5442,5734,1572,727,845,2281,966,1315,979,394,585
1,Aguascalientes,3,NO,Concentrado 2,456611,234577,222034,19271,9483,9788,127810,21358,10572,10786,43126,21090,22036,21875,10630,11245,7435,3675,3760,1292,628,664,1617,699,918,842,349,493
2,Baja California,1,NO,Concentrado 2,485628,240417,245211,19179,9563,9616,139707,22881,11283,11598,48958,24061,24897,24503,12118,12385,9433,4626,4807,2072,1000,1072,1428,629,799,3775,1190,2585
2,Baja California,2,NO,Concentrado 1,396169,197545,198624,11110,5479,5631,92281,14015,6974,7041,31584,15492,16092,17495,8590,8905,5436,2648,2788,1537,706,831,1022,477,545,1374,636,738
2,Baja California,3,NO,Disperso 2,457179,228534,228645,21273,10485,10788,133316,22978,11543,11435,44548,21910,22638,22392,11039,11353,10518,5292,5226,1997,976,1021,1744,792,952,26867,13011,13856
2,Baja California,4,NO,Concentrado 2,582501,288374,294127,27119,13444,13675,187298,31316,15324,15992,64323,31704,32619,32673,16173,16500,18449,9061,9388,4340,2039,2301,2856,1268,1588,5087,2361,2726
2,Baja California,5,NO,Altamente Concentrado 2,418815,207441,211374,13556,6566,6990,97648,15696,7688,8008,33421,16311,17110,17367,8384,8983,7687,3741,3946,2295,1094,1201,1414,670,744,2315,1024,1291
2,Baja California,6,NO,Concentrado 1,424896,211303,213593,14724,7353,7371,108641,17783,8746,9037,37697,18423,19274,19399,9421,9978,9102,4452,4650,2807,1323,1484,1625,768,857,2269,1063,1206
2,Baja California,7,NO,Disperso 1,506278,247548,258730,21419,10586,10833,153914,25631,12721,12910,53316,26111,27205,27558,13535,14023,11581,5670,5911,2687,1300,1387,1979,821,1158,4778,2193,2585
2,Baja California,8,NO,Concentrado 1,497554,247269,250285,21577,10534,11043,149088,24986,12345,12641,52091,25492,26599,25735,12580,13155,14227,7024,7203,3844,1810,2034,2378,1048,1330,2665,1262,1403
3,Baja California Sur,1,NO,Muy Disperso 2,398167,198535,199632,15793,7829,7964,111130,18343,9118,9225,38136,18789,19347,19145,9380,9765,5870,2839,3031,1166,579,587,944,435,509,5620,2400,3220
3,Baja California Sur,2,NO,Disperso 2,400280,194033,206247,20170,9992,10178,125499,21527,10589,10938,43340,21235,22105,20599,10225,10374,8866,4277,4589,1749,828,921,1271,569,702,7961,3531,4430
4,Campeche,1,NO,Disperso 1,470590,240895,229695,22298,11038,11260,141440,24734,12334,12400,47998,23427,24571,23499,11507,11992,5727,2830,2897,2252,1064,1188,2015,985,1030,75074,37073,38001
4,Campeche,2,NO,Muy Disperso 1,457773,230529,227244,23243,11468,11775,145440,25370,12516,12854,50091,24660,25431,23885,11680,12205,9301,4492,4809,2510,1203,1307,2533,1224,1309,16727,8008,8719
5,Coahuila de Zaragoza,1,NO,Disperso 1,444379,221345,223034,23232,11512,11720,144031,25879,12747,13132,48238,23860,24378,23409,11597,11812,12087,5949,6138,2056,972,1084,2020,938,1082,756,314,442
5,Coahuila de Zaragoza,2,NO,Muy Disperso 2,447641,222762,224879,24159,12050,12109,147244,26909,13267,13642,49652,24402,25250,23773,11885,11888,11204,5455,5749,1955,894,1061,1926,885,1041,789,312,477
5,Coahuila de Zaragoza,3,NO,Concentración Media,429221,215582,213639,21704,10628,11076,131898,24227,12044,12183,43963,21497,22466,21183,10487,10696,9692,4774,4918,1894,916,978,1554,757,797,385,166,219
5,Coahuila de Zaragoza,4,NO,Concentrado 2,492819,248415,244404,24667,12260,12407,148601,27589,13479,14110,48656,23929,24727,23623,11538,12085,10079,4867,5212,1797,879,918,1426,650,776,1050,469,581
5,Coahuila de Zaragoza,5,NO,Altamente Concentrado 2,353269,182554,170715,13168,6419,6749,88124,14665,7214,7451,29496,14334,15162,15079,7371,7708,4949,2446,2503,1408,695,713,1136,515,621,371,150,221
5,Coahuila de Zaragoza,6,NO,Concentración Media,506358,256328,250030,27939,13802,14137,171233,30166,14852,15314,57075,28091,28984,28024,13909,14115,11610,5726,5884,1824,822,1002,2182,990,1192,920,291,629
5,Coahuila de Zaragoza,7,NO,Disperso 1,473084,236116,236968,25499,12424,13075,151710,28256,13866,14390,50032,24476,25556,24018,11810,12208,10924,5239,5685,1601,749,852,1420,661,759,1256,500,756
6,Colima,1,NO,Concentrado 2,380580,194962,185618,14068,6860,7208,102646,16589,8216,8373,35624,17556,18068,17870,8684,9186,5041,2512,2529,1073,514,559,1105,475,630,2445,1048,1397
6,Colima,2,NO,Concentración Media,350811,175807,175004,15546,7623,7923,106756,17880,8809,9071,37320,18267,19053,18266,9018,9248,6846,3407,3439,2215,1025,1190,2115,940,1175,2765,1274,1491
7,Chiapas,1,SI,Muy Disperso 1,410229,207521,202708,25256,12575,12681,158497,27044,13389,13655,56103,27959,28144,25758,12725,13033,8271,4018,4253,3282,1610,1672,3868,1984,1884,241894,122133,119761
7,Chiapas,10,NO,Muy Disperso 1,410609,207354,203255,23108,11337,11771,145035,25154,12347,12807,50622,25004,25618,23733,11774,11959,9069,4384,4685,3398,1621,1777,3318,1630,1688,22059,10842,11217
7,Chiapas,11,SI,Disperso 2,387847,197555,190292,26048,12846,13202,164494,28844,14326,14518,58182,28686,29496,26577,13372,13205,11223,5514,5709,3902,1959,1943,7075,3941,3134,195354,99298,96056
7,Chiapas,12,NO,Concentración Media,435403,225265,210138,24305,12106,12199,144374,24812,12173,12639,48191,23582,24609,23699,11565,12134,10859,5290,5569,3987,1899,2088,2881,1349,1532,3254,1396,1858
7,Chiapas,13,NO,Muy Disperso 1,424185,214244,209941,26529,12953,13576,165150,27802,13867,13935,57435,28279,29156,27854,13745,14109,11963,5946,6017,3570,1714,1856,4039,1942,2097,4741,2011,2730
7,Chiapas,2,SI,Disperso 2,445224,226749,218475,35395,17941,17454,204878,36985,18415,18570,71854,35885,35969,31848,15852,15996,14297,7139,7158,6266,3151,3115,9732,5218,4514,280235,142391,137844
7,Chiapas,3,SI,Muy Disperso 1,426589,216247,210342,29489,14655,14834,196597,34986,17558,17428,70734,35357,35377,32546,16147,16399,15566,7768,7798,6843,3523,3320,6890,3779,3111,303785,153958,149827
7,Chiapas,4,NO,Disperso 2,408235,206723,201512,24602,12227,12375,154580,27083,13354,13729,53158,26233,26925,25551,12514,13037,8399,4062,4337,3001,1426,1575,3931,1905,2026,59285,29721,29564
7,Chiapas,5,SI,Concentración Media,454255,239585,214670,29889,15003,14886,186561,32564,16327,16237,65890,33631,32259,29938,14962,14976,14104,7105,6999,4595,2446,2149,8739,4941,3798,277321,147059,130262
7,Chiapas,6,NO,Disperso 1,470504,240393,230111,24220,11983,12237,157173,27338,13473,13865,54530,26751,27779,25752,12568,13184,9814,4846,4968,3311,1575,1736,3281,1604,1677,26549,13334,13215
7,Chiapas,7,NO,Muy Disperso 1,390090,197706,192384,20856,10326,10530,134113,22232,10967,11265,47144,22979,24165,22391,10981,11410,7045,3412,3633,2790,1347,1443,2698,1244,1454,2077,719,1358
7,Chiapas,8,NO,Disperso 2,466942,240529,226413,25415,12665,12750,164138,27605,13675,13930,58004,28726,29278,27134,13273,13861,9127,4472,4655,3483,1705,1778,4789,2389,2400,33484,16881,16603
7,Chiapas,9,NO,Altamente Concentrado 2,413716,218010,195706,18943,9275,9668,117836,20957,10314,10643,38752,19122,19630,19235,9544,9691,6582,3190,3392,1837,880,957,1373,612,761,9610,5305,4305
8,Chihuahua,1,NO,Altamente Concentrado 2,489421,244208,245213,22146,10878,11268,163720,26998,13310,13688,55653,27382,28271,29993,14876,15117,15780,7727,8053,2414,1170,1244,2146,955,1191,3090,1398,1692
8,Chihuahua,2,NO,Muy Disperso 1,426640,212766,213874,20635,10192,10443,143101,24115,11906,12209,48379,23729,24650,25419,12557,12862,14947,7292,7655,3120,1483,1637,3320,1539,1781,5251,2489,2762
8,Chihuahua,3,NO,Concentrado 1,371187,183180,188007,15425,7427,7998,117059,19077,9466,9611,40008,19497,20511,21670,10673,10997,11687,5823,5864,2053,965,1088,2183,957,1226,1741,854,887
8,Chihuahua,4,NO,Altamente Concentrado 2,400838,203286,197552,12431,6024,6407,98620,15913,7760,8153,33882,16713,17169,18191,8880,9311,7154,3471,3683,1392,661,731,1115,511,604,1463,660,803
8,Chihuahua,5,NO,Muy Disperso 1,421054,211385,209669,19782,9628,10154,128243,22037,10747,11290,42909,21170,21739,22131,10813,11318,9532,4579,4953,2189,1022,1167,2243,979,1264,3955,1932,2023
8,Chihuahua,6,NO,Concentrado 2,476403,245289,231114,17716,8744,8972,122511,20469,9991,10478,41239,20181,21058,21264,10504,10760,5808,2794,3014,1420,652,768,1024,491,533,4153,2138,2015
8,Chihuahua,7,NO,Muy Disperso 2,362596,183660,178936,17589,8621,8968,116034,19798,9832,9966,39289,19332,19957,20223,10091,10132,9340,4625,4715,2195,1030,1165,2717,1293,1424,13507,6981,6526
8,Chihuahua,8,NO,Concentrado 1,461356,235187,226169,19717,9739,9978,131763,23030,11393,11637,44378,21851,22527,22099,10843,11256,7839,3802,4037,1752,811,941,1484,604,880,5285,2788,2497
8,Chihuahua,9,NO,Muy Disperso 2,332374,169086,163288,18509,9213,9296,116486,20269,10140,10129,40170,20020,20150,19770,9793,9977,9730,4812,4918,4067,1989,2078,3445,1588,1857,72053,37239,34814
9,Ciudad de México,1,NO,Altamente Concentrado 1,394439,199344,195095,13959,6863,7096,100204,16520,8075,8445,33781,16811,16970,17823,8964,8859,5665,2740,2925,1098,543,555,925,384,541,6621,3432,3189
9,Ciudad de México,10,NO,Altamente Concentrado 2,414411,218968,195443,11180,5378,5802,75576,13445,6658,6787,24842,12368,12474,13017,6364,6653,2640,1313,1327,1288,646,642,792,398,394,3592,2216,1376
9,Ciudad de México,11,NO,Altamente Concentrado 1,329305,173663,155642,9011,4370,4641,68492,11498,5734,5764,23128,11357,11771,12162,5988,6174,2742,1359,1383,1215,600,615,823,366,457,3804,1968,1836
9,Ciudad de México,12,NO,Altamente Concentrado 1,332157,171867,160290,8193,4105,4088,56738,9605,4814,4791,18785,9175,9610,9946,4869,5077,2493,1260,1233,1056,495,561,730,340,390,6206,3212,2994
9,Ciudad de México,13,NO,Altamente Concentrado 1,404643,212311,192332,11527,5631,5896,85488,13522,6625,6897,28779,14300,14479,15477,7645,7832,3136,1487,1649,1091,540,551,816,358,458,4411,2286,2125
9,Ciudad de México,14,NO,Altamente Concentrado 2,339445,177686,161759,8791,4316,4475,76029,11660,5774,5886,26709,13205,13504,14084,6999,7085,2851,1346,1505,935,439,496,816,369,447,4200,2308,1892
9,Ciudad de México,15,NO,Altamente Concentrado 1,434153,232032,202121,9319,4572,4747,62030,11006,5391,5615,20403,10077,10326,10515,5149,5366,1755,841,914,1162,590,572,669,341,328,3540,2134,1406
9,Ciudad de México,16,NO,Altamente Concentrado 1,397270,207845,189425,10934,5459,5475,86602,13584,6692,6892,29752,14694,15058,15827,7846,7981,3685,1786,1899,1500,711,789,1093,520,573,3631,1925,1706
9,Ciudad de México,17,NO,Concentrado 1,422145,219789,202356,14368,7047,7321,105111,17426,8572,8854,35793,17536,18257,18459,9258,9201,4988,2489,2499,1978,920,1058,1353,614,739,4336,2534,1802
9,Ciudad de México,18,NO,Altamente Concentrado 1,370215,193199,177016,9932,4955,4977,80105,12324,6070,6254,27587,13594,13993,14673,7225,7448,3685,1832,1853,1631,788,843,1071,501,570,6133,3082,3051
9,Ciudad de México,19,NO,Altamente Concentrado 1,371947,193277,178670,10867,5432,5435,87464,13150,6563,6587,30494,14841,15653,16094,7960,8134,4213,2056,2157,1346,630,716,1077,501,576,3553,1834,1719
9,Ciudad de México,2,NO,Altamente Concentrado 1,396804,209417,187387,10721,5297,5424,79661,12958,6430,6528,26556,13129,13427,14341,7207,7134,3479,1685,1794,1406,671,735,923,445,478,4998,2658,2340
9,Ciudad de México,20,NO,Altamente Concentrado 1,352544,182299,170245,11314,5575,5739,87195,13566,6697,6869,29944,14840,15104,15924,7774,8150,4834,2390,2444,1637,765,872,1343,613,730,4103,2129,1974
9,Ciudad de México,21,NO,Concentrado 1,433394,221014,212380,15035,7490,7545,117121,18461,9180,9281,40816,20031,20785,21275,10496,10779,5818,2819,2999,1427,655,772,1339,623,716,11580,5839,5741
9,Ciudad de México,22,NO,Altamente Concentrado 1,376527,193742,182785,14855,7287,7568,110836,17162,8475,8687,38968,19141,19827,19959,9890,10069,7219,3509,3710,1409,655,754,1451,644,807,9812,5061,4751
9,Ciudad de México,23,NO,Altamente Concentrado 1,386927,204506,182421,9789,4741,5048,74212,11888,5815,6073,24411,12008,12403,13582,6667,6915,2534,1238,1296,1024,482,542,777,371,406,5873,3345,2528
9,Ciudad de México,24,NO,Altamente Concentrado 2,383400,202047,181353,9306,4659,4647,74909,11464,5655,5809,25228,12480,12748,14007,6789,7218,2683,1330,1353,1189,586,603,882,404,478,5709,3018,2691
9,Ciudad de México,3,NO,Altamente Concentrado 1,432205,227255,204950,11784,5702,6082,86717,14191,6954,7237,28721,14056,14665,15670,7691,7979,3278,1564,1714,1475,701,774,969,430,539,3208,1708,1500
9,Ciudad de México,4,NO,Altamente Concentrado 1,367231,186862,180369,11060,5378,5682,86872,13408,6714,6694,30330,14785,15545,15910,7938,7972,4281,2145,2136,1186,547,639,896,400,496,5196,2692,2504
9,Ciudad de México,5,NO,Concentrado 1,361414,187848,173566,10110,4989,5121,84189,12965,6445,6520,29452,14308,15144,15609,7707,7902,3491,1767,1724,1142,572,570,978,443,535,7762,4156,3606
9,Ciudad de México,6,NO,Altamente Concentrado 2,405335,213532,191803,11174,5648,5526,90122,13770,6773,6997,30777,15154,15623,16927,8431,8496,3723,1795,1928,1379,689,690,1051,478,573,5463,3361,2102
9,Ciudad de México,7,NO,Altamente Concentrado 1,382108,200716,181392,10581,5146,5435,81770,13137,6445,6692,27109,13192,13917,14859,7253,7606,3361,1645,1716,1304,599,705,993,422,571,2577,1355,1222
9,Ciudad de México,8,NO,Altamente Concentrado 1,328126,172989,155137,10070,5050,5020,72277,12007,5910,6097,24248,11886,12362,12897,6360,6537,3075,1519,1556,1255,621,634,981,443,538,4023,2138,1885
9,Ciudad de México,9,NO,Altamente Concentrado 2,393799,202809,190990,13271,6630,6641,103861,16225,7876,8349,36113,17619,18494,18917,9362,9555,5100,2429,2671,1571,747,824,1157,527,630,4822,2531,2291
10,Durango,1,NO,Muy Disperso 2,470881,238151,232730,27354,13430,13924,172282,30580,15037,15543,59290,29039,30251,28311,13970,14341,12426,6095,6331,2348,1112,1236,2558,1109,1449,42907,21856,21051
10,Durango,2,NO,Muy Disperso 1,462293,232557,229736,24770,12319,12451,151794,27627,13585,14042,50468,24648,25820,24677,12138,12539,11702,5765,5937,1834,862,972,2587,1133,1454,814,328,486
10,Durango,3,NO,Muy Disperso 1,428660,215675,212985,22159,10976,11183,142120,24375,11920,12455,48804,23956,24848,23667,11654,12013,10240,5023,5217,2041,925,1116,2428,1055,1373,434,200,234
10,Durango,4,NO,Concentrado 2,470816,241401,229415,21510,10479,11031,146150,25359,12439,12920,51058,24934,26124,23895,11719,12176,9539,4598,4941,1413,661,752,1489,606,883,3087,1416,1671
11,Guanajuato,1,NO,Disperso 2,382910,202039,180871,22913,11379,11534,140752,24327,12053,12274,46669,23055,23614,23369,11622,11747,8094,4025,4069,1608,767,841,2733,1145,1588,4821,2324,2497
11,Guanajuato,10,NO,Concentración Media,376454,194978,181476,16902,8380,8522,107972,17510,8608,8902,36248,17719,18529,18540,9150,9390,6291,3057,3234,1833,891,942,2061,990,1071,358,142,216
11,Guanajuato,11,NO,Concentrado 2,395212,199720,195492,19584,9595,9989,124839,21108,10519,10589,40632,19921,20711,21114,10468,10646,8475,4255,4220,1978,930,1048,2286,1003,1283,904,383,521
11,Guanajuato,12,NO,Concentrado 1,432575,222733,209842,17690,8598,9092,123575,22610,10969,11641,40692,19891,20801,20997,10365,10632,7142,3470,3672,1973,962,1011,1769,805,964,962,420,542
11,Guanajuato,13,NO,Disperso 1,410229,211573,198656,22075,10838,11237,132487,21571,10614,10957,44957,22236,22721,22007,10949,11058,8932,4324,4608,1973,945,1028,2985,1407,1578,368,161,207
11,Guanajuato,14,NO,Disperso 1,397931,206051,191880,19048,9423,9625,123625,21438,10732,10706,41955,20790,21165,20861,10275,10586,8102,3959,4143,1709,831,878,2256,1034,1222,570,253,317
11,Guanajuato,15,NO,Concentrado 1,374127,190548,183579,17959,8928,9031,112315,19824,9643,10181,37181,18438,18743,18452,9052,9400,7958,3846,4112,2086,1058,1028,1991,965,1026,486,201,285
11,Guanajuato,2,NO,Disperso 1,435292,226783,208509,24576,12038,12538,149553,25835,12834,13001,49481,24518,24963,24761,12215,12546,9989,4932,5057,2083,974,1109,2611,1133,1478,860,379,481
11,Guanajuato,3,NO,Concentrado 1,441301,225506,215795,20158,9945,10213,131225,22634,11238,11396,43841,21702,22139,21937,10863,11074,8471,4171,4300,2374,1125,1249,2512,1165,1347,691,329,362
11,Guanajuato,4,NO,Disperso 1,380060,195930,184130,21386,10578,10808,126618,21628,10641,10987,42200,20766,21434,20647,10252,10395,6703,3318,3385,1585,750,835,2101,949,1152,426,193,233
11,Guanajuato,5,NO,Altamente Concentrado 2,417616,212541,205075,21307,10368,10939,132797,22848,11296,11552,44499,21677,22822,22025,10903,11122,9786,4815,4971,2506,1148,1358,2996,1387,1609,1077,502,575
11,Guanajuato,6,NO,Concentrado 2,467310,236841,230469,24075,11880,12195,151140,26302,12808,13494,50500,24667,25833,25188,12462,12726,10445,5061,5384,2757,1298,1459,3187,1481,1706,908,401,507
11,Guanajuato,7,NO,Disperso 1,410974,211471,199503,22840,11226,11614,137727,23151,11409,11742,46842,23197,23645,22471,11107,11364,9967,4914,5053,1981,910,1071,4154,1898,2256,629,250,379
11,Guanajuato,8,NO,Concentración Media,422317,218518,203799,19972,9814,10158,128607,21761,10827,10934,43316,21515,21801,21758,10708,11050,7906,3900,4006,1937,961,976,2079,979,1100,485,217,268
11,Guanajuato,9,NO,Concentración Media,422626,215248,207378,23443,11719,11724,142711,25048,12349,12699,47637,23561,24076,23392,11549,11843,9844,4939,4905,2344,1134,1210,2504,1250,1254,503,217,286
12,Guerrero,1,NO,Muy Disperso 1,352902,180571,172331,21081,10438,10643,123220,22278,11003,11275,42165,20676,21489,19476,9686,9790,5736,2769,2967,2115,1016,1099,2634,1211,1423,2623,1283,1340
12,Guerrero,2,NO,Disperso 1,391093,203518,187575,20164,9955,10209,125065,21260,10554,10706,42124,20730,21394,20640,10213,10427,4493,2222,2271,1628,788,840,2172,970,1202,23154,12399,10755
12,Guerrero,3,NO,Muy Disperso 1,427165,217559,209606,21942,10599,11343,137984,23284,11421,11863,46989,23200,23789,22837,11114,11723,7233,3494,3739,2154,1013,1141,2145,965,1180,4580,2271,2309
12,Guerrero,4,NO,Concentrado 1,368616,194956,173660,13734,6729,7005,98871,15774,7735,8039,33921,16664,17257,17601,8693,8908,5087,2444,2643,1355,640,715,1061,502,559,6978,3814,3164
12,Guerrero,5,SI,Disperso 2,404179,213246,190933,28498,14222,14276,172031,28554,14262,14292,58196,29048,29148,29620,14897,14723,6597,3300,3297,2968,1399,1569,4664,2211,2453,233746,125582,108164
12,Guerrero,6,SI,Disperso 2,413902,218318,195584,27672,13820,13852,173144,28740,14387,14353,59764,29667,30097,29113,14586,14527,6131,3033,3098,1996,906,1090,4113,1984,2129,178107,94257,83850
12,Guerrero,7,NO,Disperso 1,400066,208803,191263,23027,11371,11656,138904,24122,12009,12113,46914,23144,23770,22564,11211,11353,4823,2331,2492,1526,715,811,1873,858,1015,15170,8151,7019
12,Guerrero,8,NO,Disperso 1,376855,192831,184024,22402,11035,11367,142508,22834,11270,11564,48901,24353,24548,24215,12058,12157,3795,1860,1935,1442,689,753,2208,995,1213,46376,24237,22139
12,Guerrero,9,NO,Concentrado 2,405907,210271,195636,18986,9376,9610,126116,21034,10376,10658,43166,21149,22017,21369,10582,10787,7286,3549,3737,1719,814,905,1736,790,946,4753,2518,2235
13,Hidalgo,1,SI,Disperso 2,400091,205623,194468,20243,9993,10250,141827,22567,11171,11396,48845,24239,24606,26019,12807,13212,5265,2527,2738,1039,493,546,1520,704,816,200815,103091,97724
13,Hidalgo,2,SI,Disperso 2,405262,211624,193638,18733,9416,9317,130527,21463,10554,10909,45768,22650,23118,22688,11330,11358,7881,3870,4011,889,410,479,1159,482,677,89009,45584,43425
13,Hidalgo,3,NO,Disperso 1,416056,216544,199512,17273,8583,8690,127461,20704,10215,10489,44749,22089,22660,22477,11108,11369,8294,4079,4215,1179,558,621,1154,477,677,8540,4344,4196
13,Hidalgo,4,NO,Disperso 1,417765,219001,198764,21026,10389,10637,138735,22125,10944,11181,47315,23438,23877,24369,12108,12261,9638,4749,4889,1768,819,949,2222,924,1298,39888,21303,18585
13,Hidalgo,5,NO,Concentración Media,470382,241880,228502,20520,10255,10265,142643,23806,11734,12072,49040,24061,24979,24634,12174,12460,9054,4467,4587,1459,711,748,1453,632,821,5591,2800,2791
13,Hidalgo,6,NO,Concentrado 2,526882,273919,252963,20410,10060,10350,149543,24850,12318,12532,49931,24628,25303,27028,13397,13631,8943,4396,4547,1320,639,681,1278,568,710,13295,6825,6470
13,Hidalgo,7,NO,Concentración Media,446403,232871,213532,16533,8074,8459,128139,20971,10396,10575,44363,22100,22263,22968,11354,11614,7342,3625,3717,1233,609,624,1097,494,603,5491,2849,2642
14,Jalisco,1,NO,Muy Disperso 1,391749,199045,192704,21211,10514,10697,135023,22294,11197,11097,46856,23192,23664,22581,11098,11483,8696,4353,4343,2254,1052,1202,2609,1136,1473,23917,12165,11752
14,Jalisco,10,NO,Concentrado 1,411067,211162,199905,15454,7588,7866,100597,17713,8739,8974,32568,15959,16609,17065,8229,8836,6041,2965,3076,1939,946,993,1691,769,922,5740,3055,2685
14,Jalisco,11,NO,Altamente Concentrado 1,342872,177645,165227,12358,6057,6301,87739,14915,7392,7523,28958,14354,14604,15184,7447,7737,5674,2833,2841,1506,721,785,1219,560,659,652,293,359
14,Jalisco,12,NO,Concentrado 2,726488,366876,359612,36673,18221,18452,257797,44149,21777,22372,90576,44463,46113,44321,21828,22493,19496,9452,10044,5636,2632,3004,4940,2261,2679,4057,1928,2129
14,Jalisco,13,NO,Altamente Concentrado 2,414116,211079,203037,17877,8861,9016,115240,19855,9924,9931,38442,18773,19669,19315,9545,9770,7118,3515,3603,1669,788,881,1612,754,858,2497,1220,1277
14,Jalisco,14,NO,Altamente Concentrado 2,344173,178254,165919,12055,5934,6121,84568,14395,7146,7249,28416,13844,14572,14614,7224,7390,5059,2457,2602,1254,574,680,1156,500,656,1399,671,728
14,Jalisco,15,NO,Concentración Media,422357,215549,206808,22973,11323,11650,142566,24533,12113,12420,48669,24060,24609,23441,11564,11877,11136,5465,5671,2428,1121,1307,3750,1722,2028,580,257,323
14,Jalisco,16,NO,Altamente Concentrado 2,418419,212149,206270,20113,10060,10053,129763,22367,11093,11274,43071,21177,21894,21853,10753,11100,9646,4728,4918,2486,1207,1279,2340,1029,1311,1862,888,974
14,Jalisco,17,NO,Concentración Media,375254,189708,185546,19055,9459,9596,123916,20728,10344,10384,42300,20929,21371,21463,10072,11391,7928,3876,4052,2350,1087,1263,2887,1302,1585,2105,585,1520
14,Jalisco,18,NO,Disperso 2,372027,188067,183960,18191,9063,9128,118065,19614,9608,10006,40937,20200,20737,20040,9931,10109,5767,2808,2959,1662,780,882,1952,840,1112,3232,1555,1677
14,Jalisco,19,NO,Disperso 1,396027,201584,194443,18986,9426,9560,120939,20193,9913,10280,41891,20574,21317,20133,9883,10250,7118,3410,3708,1976,880,1096,2130,968,1162,3690,1269,2421
14,Jalisco,2,NO,Disperso 1,374724,192084,182640,20761,10210,10551,128751,22346,10968,11378,43369,21501,21868,21417,10640,10777,10044,4840,5204,1828,863,965,2686,1186,1500,274,110,164
14,Jalisco,20,NO,Concentrado 2,527417,259666,267751,27192,13364,13828,181539,31569,15595,15974,63431,31135,32296,30298,14850,15448,14453,7081,7372,3811,1731,2080,3937,1745,2192,1800,772,1028
14,Jalisco,3,NO,Disperso 1,431340,221366,209974,22183,10943,11240,141851,24033,11919,12114,47957,23420,24537,23625,11725,11900,10776,5243,5533,2351,1137,1214,3550,1568,1982,737,243,494
14,Jalisco,4,NO,Altamente Concentrado 2,390339,199622,190717,16138,7977,8161,106043,18156,8964,9192,34695,17046,17649,18237,8891,9346,6818,3315,3503,1848,877,971,1766,766,1000,1594,800,794
14,Jalisco,5,NO,Disperso 1,385654,192183,193471,18454,9120,9334,116650,19078,9353,9725,40122,19720,20402,19878,9822,10056,7408,3582,3826,1748,831,917,1615,704,911,3810,1845,1965
14,Jalisco,6,NO,Concentrado 1,534366,272438,261928,24906,12510,12396,157677,28673,14255,14418,52403,25652,26751,25673,12609,13064,10134,5024,5110,2504,1194,1310,2076,957,1119,5931,3030,2901
14,Jalisco,7,NO,Altamente Concentrado 2,391848,198816,193032,16488,8045,8443,121765,20210,10089,10121,42266,20794,21472,21057,10376,10681,8465,4171,4294,1955,913,1042,2083,895,1188,990,471,519
14,Jalisco,8,NO,Altamente Concentrado 2,345181,181205,163976,9051,4474,4577,63691,10609,5249,5360,21173,10584,10589,10727,5182,5545,2986,1410,1576,1081,520,561,766,354,412,1513,820,693
14,Jalisco,9,NO,Altamente Concentrado 2,352733,181198,171535,14026,6923,7103,96965,16497,8184,8313,32238,15810,16428,16657,8186,8471,6233,3052,3181,1434,704,730,1302,563,739,583,257,326
15,México,1,NO,Disperso 1,433002,222404,210598,23177,11403,11774,148427,24839,12298,12541,49383,24320,25063,25508,12630,12878,10074,4863,5211,1500,752,748,1894,822,1072,35346,18773,16573
15,México,10,NO,Altamente Concentrado 2,366386,188133,178253,14036,7001,7035,101693,17196,8545,8651,33494,16352,17142,18226,8958,9268,6429,3226,3203,1677,767,910,1341,584,757,4394,2228,2166
15,México,11,NO,Altamente Concentrado 2,371103,190549,180554,14981,7575,7406,102013,17683,8717,8966,33726,16557,17169,17762,8895,8867,7258,3575,3683,1882,913,969,1393,637,756,7366,3857,3509
15,México,12,NO,Altamente Concentrado 2,398661,205691,192970,16755,8256,8499,116453,18768,9353,9415,38953,19072,19881,20674,10206,10468,7035,3466,3569,1570,800,770,1328,591,737,8198,4279,3919
15,México,13,NO,Altamente Concentrado 1,344054,178170,165884,11523,5728,5795,83468,14233,7062,7171,27845,13581,14264,14735,7308,7427,5143,2530,2613,1527,755,772,1059,482,577,3332,1695,1637
15,México,14,NO,Altamente Concentrado 2,386731,196355,190376,12150,5927,6223,88529,15265,7433,7832,29414,14413,15001,15588,7642,7946,5250,2534,2716,1603,781,822,1139,492,647,3350,1710,1640
15,México,15,NO,Altamente Concentrado 2,396148,204514,191634,14024,6819,7205,100852,17398,8653,8745,33803,16663,17140,17486,8695,8791,6646,3316,3330,1765,867,898,1311,608,703,5328,2886,2442
15,México,16,NO,Altamente Concentrado 2,373975,191920,182055,15936,7941,7995,107938,18688,9215,9473,35934,17613,18321,18562,9160,9402,8524,4194,4330,2081,1030,1051,1707,781,926,9420,4913,4507
15,México,17,NO,Altamente Concentrado 1,336642,173300,163342,11781,5819,5962,84689,14511,7061,7450,28226,13923,14303,14829,7349,7480,5266,2553,2713,1639,794,845,1219,561,658,4059,2033,2026
15,México,18,NO,Concentrado 2,471180,243475,227705,20623,10164,10459,139094,23289,11520,11769,46314,22902,23412,24244,12070,12174,8844,4386,4458,2312,1139,1173,1761,847,914,10813,5826,4987
15,México,19,NO,Altamente Concentrado 1,362213,188667,173546,9990,4845,5145,76936,12925,6430,6495,25288,12408,12880,13866,6811,7055,4160,2003,2157,1447,723,724,1035,490,545,2596,1378,1218
15,México,2,NO,Concentrado 1,422202,216124,206078,17509,8608,8901,122930,19982,9864,10118,41810,20495,21315,21960,10835,11125,7475,3704,3771,2092,975,1117,1628,760,868,3757,1881,1876
15,México,20,NO,Altamente Concentrado 1,356656,184714,171942,11341,5634,5707,85184,14763,7220,7543,28173,13749,14424,15175,7434,7741,4710,2246,2464,1592,758,834,1159,539,620,4942,2516,2426
15,México,21,NO,Concentrado 2,389885,201058,188827,18479,9166,9313,120242,19924,9947,9977,39785,19598,20187,20724,10382,10342,7842,3876,3966,1943,932,1011,1592,723,869,2720,1436,1284
15,México,22,NO,Concentrado 1,431691,224322,207369,14002,6754,7248,103976,17412,8613,8799,34263,16891,17372,18798,9293,9505,6977,3425,3552,1940,978,962,1473,684,789,7102,3854,3248
15,México,23,NO,Concentrado 2,452579,231455,221124,22153,11014,11139,145451,23903,11874,12029,49640,24569,25071,24706,12309,12397,9062,4359,4703,1937,955,982,1550,724,826,7376,3639,3737
15,México,24,NO,Altamente Concentrado 1,398687,205519,193168,15621,7748,7873,107670,18583,9214,9369,35568,17471,18097,18796,9267,9529,7515,3690,3825,2221,1027,1194,1522,743,779,11535,5996,5539
15,México,25,NO,Altamente Concentrado 1,382162,195792,186370,19055,9360,9695,124062,21348,10552,10796,42075,20537,21538,20952,10388,10564,9189,4539,4650,1991,924,1067,1900,817,1083,10296,5376,4920
15,México,26,NO,Concentrado 2,479153,246182,232971,22521,11226,11295,151848,25819,12764,13055,51062,25178,25884,26441,13119,13322,10087,5003,5084,2088,1045,1043,1809,802,1007,21398,11039,10359
15,México,27,NO,Concentrado 1,465912,241115,224797,18689,9386,9303,133110,21857,10813,11044,44913,22182,22731,23533,11761,11772,7409,3673,3736,1700,808,892,1363,629,734,1820,934,886
15,México,28,NO,Concentrado 2,561903,286816,275087,24103,11931,12172,186470,29520,14669,14851,66212,32521,33691,34694,17161,17533,11907,5925,5982,2522,1223,1299,2261,982,1279,6398,3242,3156
15,México,29,NO,Altamente Concentrado 1,350782,180772,170010,11215,5492,5723,84064,14049,6982,7067,27732,13781,13951,15201,7638,7563,4866,2444,2422,1415,675,740,1043,505,538,3743,1924,1819
15,México,3,NO,Concentración Media,452800,236055,216745,23320,11635,11685,155052,25527,12640,12887,52379,26185,26194,27108,13594,13514,9567,4688,4879,1367,621,746,1577,667,910,50712,27670,23042
15,México,30,NO,Altamente Concentrado 2,435373,223329,212044,20526,9920,10606,141202,24438,12137,12301,46468,23159,23309,24452,12255,12197,10751,5284,5467,2565,1270,1295,2257,1031,1226,10383,5420,4963
15,México,31,NO,Altamente Concentrado 1,352324,182842,169482,12098,5955,6143,90687,15588,7761,7827,30463,15136,15327,15793,7845,7948,5642,2780,2862,1353,687,666,1100,468,632,3901,2020,1881
15,México,32,NO,Altamente Concentrado 2,391584,200978,190606,19217,9521,9696,125370,22232,11050,11182,41573,20437,21136,21408,10745,10663,9079,4401,4678,2012,945,1067,1778,823,955,10790,5630,5160
15,México,33,NO,Concentrado 1,428219,221361,206858,19747,9782,9965,137606,22386,10971,11415,45459,22332,23127,25690,13741,11949,8745,4252,4493,2390,1124,1266,1862,849,1013,8125,4679,3446
15,México,34,NO,Concentrado 1,427460,223306,204154,15812,7683,8129,110952,18316,8973,9343,36737,18145,18592,19819,9746,10073,6261,3064,3197,1638,807,831,1128,545,583,1763,879,884
15,México,35,NO,Concentración Media,431697,221172,210525,24912,12287,12625,151649,25123,12348,12775,51769,25527,26242,25183,12442,12741,9821,4717,5104,2067,962,1105,3218,1374,1844,990,432,558
15,México,36,NO,Disperso 2,390046,200769,189277,23132,11467,11665,142160,24597,12215,12382,48682,23898,24784,23293,11662,11631,9477,4606,4871,1755,862,893,2393,1103,1290,4241,2183,2058
15,México,37,NO,Concentrado 2,429933,219548,210385,17403,8622,8781,126670,20212,10063,10149,43166,21363,21803,23045,11449,11596,8048,4022,4026,2286,1094,1192,1799,856,943,3921,1912,2009
15,México,38,NO,Concentrado 2,422091,216160,205931,18014,8845,9169,125451,19592,9709,9883,42141,20666,21475,22186,10920,11266,7182,3500,3682,1715,809,906,1607,677,930,9140,4548,4592
15,México,39,NO,Altamente Concentrado 2,408163,209027,199136,19423,9594,9829,127589,22299,11000,11299,42404,20899,21505,21591,10538,11053,9215,4451,4764,2285,1101,1184,1833,807,1026,12135,6260,5875
15,México,4,NO,Concentrado 1,441964,226729,215235,18802,9229,9573,131901,20866,10527,10339,45059,22367,22692,23331,11653,11678,8835,4396,4439,1558,769,789,1421,643,778,9715,5046,4669
15,México,40,NO,Concentración Media,475795,241781,234014,24455,12039,12416,160797,26223,12916,13307,54816,26941,27875,28074,13953,14121,10710,5271,5439,1987,929,1058,2129,988,1141,26220,13731,12489
15,México,41,NO,Concentrado 1,545448,280923,264525,18315,9015,9300,160878,24622,12237,12385,57236,28130,29106,30471,15046,15425,8339,4093,4246,2642,1294,1348,1947,931,1016,4860,2475,2385
15,México,5,NO,Concentrado 2,424436,214656,209780,17967,9004,8963,128203,20315,10044,10271,43018,21116,21902,23311,11570,11741,7679,3795,3884,1930,932,998,1649,742,907,4112,2101,2011
15,México,6,NO,Altamente Concentrado 2,392069,202570,189499,13707,6869,6838,100349,17291,8551,8740,32810,16050,16760,17838,8738,9100,5515,2720,2795,1431,674,757,1110,500,610,3594,1758,1836
15,México,7,NO,Altamente Concentrado 2,410724,212039,198685,13418,6590,6828,102880,16915,8236,8679,33985,16526,17459,18871,9399,9472,5560,2696,2864,1657,751,906,1204,567,637,3250,1622,1628
15,México,8,NO,Altamente Concentrado 2,357044,182915,174129,14202,6971,7231,96774,16257,8108,8149,32150,15719,16431,16860,8278,8582,6583,3257,3326,1772,857,915,1290,551,739,3849,1924,1925
15,México,9,NO,Disperso 1,443541,227916,215625,29999,14941,15058,177990,29857,14906,14951,58672,29111,29561,29939,15016,14923,17761,8885,8876,2132,1007,1125,4605,2186,2419,70613,38426,32187
16,Michoacán de Ocampo,1,NO,Disperso 2,367512,185169,182343,20037,9853,10184,124061,21606,10670,10936,43229,21222,22007,19956,9987,9969,7630,3710,3920,2180,1010,1170,2224,971,1253,2076,983,1093
16,Michoacán de Ocampo,10,NO,Concentrado 1,416750,218072,198678,16282,8057,8225,108318,18091,8973,9118,36218,17833,18385,18484,8961,9523,5260,2509,2751,1083,527,556,1140,491,649,2484,1072,1412
16,Michoacán de Ocampo,11,NO,Disperso 2,412061,211227,200834,25526,12558,12968,146613,25613,12814,12799,50280,24845,25435,22927,11325,11602,8534,4146,4388,2746,1289,1457,3613,1526,2087,8437,4360,4077
16,Michoacán de Ocampo,12,NO,Disperso 2,360919,180928,179991,21694,10722,10972,128375,22565,11158,11407,44202,21830,22372,20596,10129,10467,8622,4254,4368,3379,1556,1823,4051,1705,2346,13181,6452,6729
16,Michoacán de Ocampo,2,NO,Disperso 1,420273,215927,204346,20006,9836,10170,132220,21839,10945,10894,45712,22595,23117,22691,11230,11461,7374,3653,3721,1571,718,853,2558,1107,1451,726,276,450
16,Michoacán de Ocampo,3,NO,Muy Disperso 1,366699,188145,178554,20858,10393,10465,127247,22094,10937,11157,42926,21353,21573,21126,10394,10732,8159,3934,4225,2084,996,1088,2914,1270,1644,5318,2832,2486
16,Michoacán de Ocampo,4,NO,Concentración Media,400504,205966,194538,21690,10739,10951,130513,22354,11139,11215,44492,21914,22578,21108,10437,10671,8471,4176,4295,2543,1190,1353,4187,1866,2321,23350,11966,11384
16,Michoacán de Ocampo,5,NO,Concentración Media,403252,208528,194724,19655,9757,9898,126909,22077,10962,11115,43552,21371,22181,21186,10468,10718,9749,4810,4939,3302,1568,1734,4264,2012,2252,2452,1169,1283
16,Michoacán de Ocampo,6,NO,Disperso 1,397351,206077,191274,23242,11550,11692,138966,24169,11965,12204,47214,23382,23832,22552,11283,11269,8319,4081,4238,1778,821,957,3026,1224,1802,463,216,247
16,Michoacán de Ocampo,7,NO,Concentración Media,413419,213647,199772,22850,11256,11594,136339,23664,11724,11940,46592,23228,23364,22112,10946,11166,8442,4138,4304,2691,1259,1432,3813,1816,1997,73211,38169,35042
16,Michoacán de Ocampo,8,NO,Concentrado 2,433320,224343,208977,20417,10173,10244,129911,22281,10992,11289,43908,21495,22413,21768,10835,10933,7612,3749,3863,1381,650,731,1606,676,930,3017,1377,1640
16,Michoacán de Ocampo,9,NO,Concentrado 2,356786,184476,172310,19543,9733,9810,115122,20296,10036,10260,38866,19239,19627,18178,8941,9237,7200,3498,3702,1862,881,981,2270,992,1278,20228,10220,10008
17,Morelos,1,NO,Concentrado 1,376292,198538,177754,13488,6526,6962,93002,15637,7754,7883,30276,14953,15323,16578,8266,8312,4396,2213,2183,1091,519,572,937,421,516,4756,2536,2220
17,Morelos,2,NO,Concentrado 1,401737,206897,194840,16644,8254,8390,115318,19074,9315,9759,39318,19354,19964,19955,9783,10172,7187,3499,3688,1464,677,787,1544,673,871,3924,2001,1923
17,Morelos,3,NO,Concentrado 2,394432,203503,190929,17911,8793,9118,118719,19661,9532,10129,40337,19832,20505,20248,9855,10393,7925,3773,4152,1889,890,999,2203,890,1313,9833,5099,4734
17,Morelos,4,NO,Concentrado 2,389277,201638,187639,16153,7969,8184,114181,19031,9475,9556,38869,19300,19569,19909,9801,10108,7985,3972,4013,1856,907,949,1967,819,1148,8469,4270,4199
17,Morelos,5,NO,Concentrado 2,409782,210097,199685,18613,9283,9330,127523,21158,10484,10674,43552,21407,22145,22139,10907,11232,8359,4123,4236,1870,821,1049,2238,877,1361,11128,5603,5525
18,Nayarit,1,NO,Disperso 2,357383,177307,180076,18073,8844,9229,120879,19646,9514,10132,43427,21275,22152,20606,10042,10564,6830,3248,3582,2035,945,1090,2154,942,1212,47117,24225,22892
18,Nayarit,2,NO,Concentrado 2,427830,219752,208078,17913,8739,9174,125225,21142,10487,10655,42983,21058,21925,21651,10524,11127,6558,3199,3359,1117,523,594,1170,454,716,10636,5271,5365
18,Nayarit,3,NO,Disperso 1,450243,226119,224124,23563,11722,11841,148353,25637,12617,13020,51208,25322,25886,25029,12406,12623,10420,5088,5332,2204,1078,1126,2314,951,1363,11316,5691,5625
19,Nuevo León,1,NO,Concentrado 1,439175,223565,215610,17818,8882,8936,111181,20380,10149,10231,36300,17678,18622,17867,8784,9083,6887,3320,3567,1531,743,788,1045,477,568,6754,3907,2847
19,Nuevo León,10,NO,Concentrado 1,395977,200260,195717,13104,6397,6707,84459,15087,7363,7724,26845,13138,13707,14066,6822,7244,4748,2286,2462,1593,760,833,1056,472,584,5638,2966,2672
19,Nuevo León,11,NO,Altamente Concentrado 2,366752,185759,180993,12036,6095,5941,82564,13575,6623,6952,26650,13243,13407,14585,7047,7538,4406,2177,2229,1152,540,612,840,373,467,2373,1140,1233
19,Nuevo León,12,NO,Concentración Media,707925,348954,358971,37776,18569,19207,242093,44063,21904,22159,84063,41155,42908,39233,19327,19906,19096,9489,9607,3381,1656,1725,2957,1392,1565,14959,6896,8063
19,Nuevo León,2,NO,Concentrado 1,554959,274405,280554,27191,13405,13786,168405,29657,14604,15053,56632,27684,28948,27949,13759,14190,10561,5164,5397,2007,979,1028,1396,708,688,6288,2821,3467
19,Nuevo León,3,NO,Concentrado 1,481205,239053,242152,22774,11235,11539,152962,26325,12951,13374,52215,25754,26461,25840,12822,13018,9846,4812,5034,1670,832,838,1704,810,894,6397,3061,3336
19,Nuevo León,4,NO,Altamente Concentrado 2,412632,209458,203174,12328,6109,6219,82974,13928,6850,7078,26420,12893,13527,14447,7046,7401,4285,2074,2211,1146,523,623,780,371,409,1737,768,969
19,Nuevo León,5,NO,Altamente Concentrado 2,318965,158800,160165,15124,7457,7667,94902,16993,8295,8698,29806,14625,15181,16118,7892,8226,6790,3241,3549,1427,661,766,1264,570,694,2440,1192,1248
19,Nuevo León,6,NO,Altamente Concentrado 2,421488,215855,205633,13315,6504,6811,89138,15622,7544,8078,28728,14075,14653,15245,7533,7712,4615,2210,2405,1489,663,826,949,427,522,3039,1681,1358
19,Nuevo León,7,NO,Disperso 2,840624,415157,425467,49407,24778,24629,297571,56694,28028,28666,0,51087,52572,46165,22914,23251,23811,0,11998,3725,1791,1934,3384,1586,1798,24727,11582,13145
19,Nuevo León,8,NO,Altamente Concentrado 2,434735,217382,217353,18921,9371,9550,125503,21084,10356,10728,41265,20373,20892,21825,10730,11095,7362,3569,3793,1317,610,707,1009,475,534,2141,990,1151
19,Nuevo León,9,NO,Muy Disperso 2,410005,204844,205161,18372,9195,9177,123177,20763,10435,10328,41754,20566,21188,21434,10512,10922,7322,3635,3687,1739,859,880,1799,795,1004,1452,682,770
20,Oaxaca,1,SI,Disperso 1,387173,201962,185211,19832,9965,9867,127977,21994,10875,11119,43038,21366,21672,21995,10847,11148,7151,3467,3684,1569,741,828,1913,822,1091,102247,54245,48002
20,Oaxaca,10,NO,Disperso 2,457636,236272,221364,25926,12810,13116,165524,29036,14443,14593,55886,27736,28150,28124,14015,14109,10580,5159,5421,2044,967,1077,4019,1945,2074,101306,52714,48592
20,Oaxaca,2,SI,Disperso 2,400638,209513,191125,20241,10065,10176,140954,22777,11459,11318,49224,24423,24801,25974,12893,13081,6913,3340,3573,1700,819,881,3119,1484,1635,188135,99501,88634
20,Oaxaca,3,NO,Disperso 1,433430,227828,205602,19897,9754,10143,139901,23720,11686,12034,48183,24045,24138,24687,12076,12611,6062,2931,3131,1305,634,671,1752,765,987,53523,28767,24756
20,Oaxaca,4,SI,Disperso 1,453258,238668,214590,21024,10491,10533,141815,24673,12309,12364,48066,23963,24103,24654,12228,12426,6666,3311,3355,1548,711,837,2736,1218,1518,185458,98751,86707
20,Oaxaca,5,SI,Disperso 2,377988,194339,183649,18108,9023,9085,121779,20377,10058,10319,41547,20387,21160,21560,10609,10951,4987,2366,2621,1491,741,750,2194,1080,1114,106037,54503,51534
20,Oaxaca,6,SI,Disperso 2,400794,211519,189275,22813,11364,11449,149549,25424,12557,12867,50500,25374,25126,26576,13198,13378,6185,3018,3167,1786,843,943,3274,1565,1709,174447,93317,81130
20,Oaxaca,7,SI,Disperso 1,410947,211594,199353,19060,9241,9819,128223,21732,10762,10970,43765,21512,22253,22177,10937,11240,3756,1886,1870,1471,698,773,1900,951,949,149989,78123,71866
20,Oaxaca,8,NO,Concentrado 1,407017,216475,190542,16038,7891,8147,111094,19631,9691,9940,36932,18328,18604,19001,9319,9682,4886,2400,2486,1170,559,611,1197,531,666,34836,19207,15629
20,Oaxaca,9,SI,Disperso 2,403267,209135,194132,22521,11117,11404,146099,25286,12657,12629,50334,25006,25328,24641,12104,12537,6734,3310,3424,1663,791,872,3251,1518,1733,125577,67283,58294
21,Puebla,1,SI,Disperso 1,394941,206716,188225,21526,10675,10851,139646,22977,11302,11675,47860,23589,24271,23820,11740,12080,6406,3070,3336,1433,673,760,1829,835,994,84030,44710,39320
21,Puebla,10,NO,Concentrado 1,524291,271084,253207,21840,10799,11041,148848,25473,12459,13014,49918,24563,25355,25306,12378,12928,6732,3241,3491,2162,1008,1154,1889,870,1019,7985,4092,3893
21,Puebla,11,NO,Concentrado 1,501277,257641,243636,23365,11514,11851,150914,26341,12920,13421,49271,24323,24948,25587,12487,13100,6073,2885,3188,2011,945,1066,1987,872,1115,13170,6843,6327
21,Puebla,12,NO,Altamente Concentrado 2,360821,192170,168651,10278,5069,5209,75751,12371,6025,6346,24622,12076,12546,13730,6808,6922,2308,1071,1237,936,425,511,747,323,424,4062,2176,1886
21,Puebla,13,NO,Concentración Media,457506,239404,218102,25819,12869,12950,152387,26542,13106,13436,51145,25404,25741,24320,12159,12161,8746,4225,4521,2143,1035,1108,3158,1389,1769,10302,5648,4654
21,Puebla,14,NO,Disperso 1,432217,224075,208142,24632,12244,12388,148960,25564,12599,12965,50334,24947,25387,24310,11874,12436,7855,3903,3952,1884,911,973,2686,1126,1560,15853,8618,7235
21,Puebla,15,NO,Concentrado 2,455069,240064,215005,24482,12032,12450,154049,25640,12803,12837,51229,25371,25858,25972,12902,13070,8455,4186,4269,1964,909,1055,2881,1251,1630,43167,23893,19274
21,Puebla,2,SI,Disperso 1,414927,214749,200178,23692,11650,12042,148979,23774,11680,12094,50151,24766,25385,25993,12758,13235,6315,3093,3222,1521,677,844,2904,1207,1697,142919,74977,67942
21,Puebla,3,SI,Disperso 1,428212,224279,203933,22825,11341,11484,148187,24105,11840,12265,50063,24857,25206,25359,12548,12811,5933,2843,3090,1325,644,681,2265,1033,1232,98430,52113,46317
21,Puebla,4,SI,Disperso 1,440695,228462,212233,27997,13918,14079,168180,27504,13751,13753,56743,28244,28499,27932,13812,14120,12530,6149,6381,2676,1266,1410,5805,2669,3136,138875,73072,65803
21,Puebla,5,NO,Concentrado 2,446581,230395,216186,23848,11888,11960,148843,25617,12604,13013,49617,24553,25064,24682,12215,12467,8908,4323,4585,1851,885,966,2049,869,1180,5871,2924,2947
21,Puebla,6,NO,Concentrado 1,427654,221360,206294,19117,9396,9721,127015,21378,10442,10936,41389,20355,21034,22186,10977,11209,5501,2612,2889,1742,854,888,1910,882,1028,24990,12876,12114
21,Puebla,7,NO,Concentrado 2,479458,246850,232608,29326,14660,14666,177921,30123,14988,15135,60131,29859,30272,29015,14440,14575,11610,5659,5951,2656,1296,1360,4485,1992,2493,9023,4815,4208
21,Puebla,8,NO,Disperso 1,425584,218938,206646,25344,12362,12982,158045,26377,13185,13192,53158,26182,26976,26782,13345,13437,9811,4773,5038,1972,891,1081,3895,1743,2152,9491,5145,4346
21,Puebla,9,NO,Altamente Concentrado 2,394045,206976,187069,14934,7481,7453,100610,17176,8523,8653,32793,16197,16596,17299,8543,8756,4064,1966,2098,1589,766,823,1326,579,747,7454,3847,3607
22,Querétaro,1,NO,Disperso 2,356161,183870,172291,19675,9845,9830,126416,20696,10315,10381,43854,21656,22198,21483,10604,10879,7832,3927,3905,1358,627,731,2235,928,1307,7714,4184,3530
22,Querétaro,2,NO,Concentrado 2,414295,212619,201676,19431,9700,9731,128192,21494,10533,10961,43912,21608,22304,21779,10784,10995,8635,4203,4432,1669,831,838,1688,704,984,1978,927,1051
22,Querétaro,3,NO,Concentrado 2,601555,304920,296635,28528,14323,14205,176613,31236,15298,15938,58807,29054,29753,29159,14288,14871,12258,5982,6276,2700,1291,1409,2288,1031,1257,4050,1820,2230
22,Querétaro,4,NO,Altamente Concentrado 2,448189,230248,217941,15113,7473,7640,102423,17355,8508,8847,33739,16621,17118,17590,8603,8987,5804,2794,3010,1692,821,871,1335,574,761,3359,1547,1812
22,Querétaro,5,NO,Concentración Media,548267,279990,268277,25482,12537,12945,166881,28496,14077,14419,57686,28373,29313,27948,13935,14013,10151,4991,5160,2216,1108,1108,2583,1142,1441,14282,7451,6831
23,Quintana Roo,1,NO,Concentración Media,525417,257486,267931,26175,12899,13276,155732,29172,14510,14662,52895,26028,26867,24687,12186,12501,13707,6762,6945,3921,1943,1978,2527,1245,1282,56257,25300,30957
23,Quintana Roo,2,SI,Disperso 2,398557,200601,197956,18994,9332,9662,127368,21189,10505,10684,43345,21434,21911,22093,10998,11095,6236,3056,3180,1357,637,720,1347,631,716,86441,42262,44179
23,Quintana Roo,3,NO,Altamente Concentrado 2,349519,172620,176899,13622,6711,6911,96898,16014,7768,8246,33346,16430,16916,17085,8385,8700,8130,3894,4236,2161,1046,1115,1361,624,737,29711,13894,15817
23,Quintana Roo,4,NO,Concentrado 2,584492,290499,293993,25602,12438,13164,163730,28773,14125,14648,57425,28076,29349,26983,13332,13651,13855,6782,7073,3705,1780,1925,2406,1178,1228,32540,15155,17385
24,San Luis Potosí,1,NO,Muy Disperso 1,363609,187759,175850,19051,9456,9595,122986,20649,10178,10471,41557,20590,20967,21235,10396,10839,5765,2761,3004,1298,605,693,1844,793,1051,529,216,313
24,San Luis Potosí,2,NO,Concentración Media,488004,249877,238127,23102,11452,11650,157125,26710,13252,13458,53687,26533,27154,26712,13241,13471,7830,3843,3987,1961,935,1026,1864,857,1007,1630,723,907
24,San Luis Potosí,3,NO,Disperso 2,344701,176786,167915,17782,8937,8845,112121,18582,9337,9245,37909,18650,19259,19306,9553,9753,4779,2391,2388,1397,703,694,1809,820,989,9300,4744,4556
24,San Luis Potosí,4,NO,Disperso 1,335948,172270,163678,15141,7375,7766,102440,17159,8397,8762,34072,16760,17312,17863,8784,9079,4369,2102,2267,936,435,501,1112,474,638,28715,14462,14253
24,San Luis Potosí,5,NO,Concentrado 2,457315,237560,219755,18401,9096,9305,123439,20797,10346,10451,40335,19781,20554,21397,10439,10958,5162,2421,2741,1485,680,805,1438,615,823,2235,1061,1174
24,San Luis Potosí,6,NO,Concentrado 1,453007,232600,220407,19395,9711,9684,127010,22163,10939,11224,41793,20467,21326,21346,10680,10666,6648,3254,3394,1765,810,955,1399,622,777,2484,1163,1321
24,San Luis Potosí,7,SI,Disperso 2,379671,192952,186719,19762,9782,9980,134802,21697,10680,11017,44149,21925,22224,24686,12144,12542,3424,1624,1800,967,443,524,1704,785,919,186320,93939,92381
25,Sinaloa,1,NO,Concentración Media,424221,213467,210754,20079,9981,10098,129480,20784,10157,10627,43938,21685,22253,22583,11133,11450,8040,3928,4112,2036,971,1065,2137,925,1212,5848,2908,2940
25,Sinaloa,2,NO,Concentrado 2,462209,235501,226708,20656,10137,10519,133762,21435,10487,10948,45062,22000,23062,23089,11445,11644,7814,3767,4047,1278,606,672,1436,573,863,6371,2824,3547
25,Sinaloa,3,NO,Disperso 2,415710,206968,208742,20018,9786,10232,129303,20750,10177,10573,43749,21514,22235,22546,11098,11448,7545,3682,3863,1683,809,874,1802,732,1070,6022,2730,3292
25,Sinaloa,4,NO,Disperso 1,413974,208227,205747,18897,9350,9547,124103,19614,9644,9970,41975,20511,21464,21839,10629,11210,7376,3683,3693,1508,687,821,1680,681,999,8913,4168,4745
25,Sinaloa,5,NO,Concentrado 1,448021,229861,218160,19492,9525,9967,128222,21340,10574,10766,43494,21218,22276,21997,10938,11059,7670,3739,3931,1335,604,731,985,456,529,858,391,467
25,Sinaloa,6,NO,Disperso 1,418497,210720,207777,19057,9310,9747,123868,19767,9656,10111,41875,20486,21389,21524,10557,10967,7011,3409,3602,1883,874,1009,1791,822,969,5679,2486,3193
25,Sinaloa,7,NO,Concentrado 2,444311,227384,216927,21204,10436,10768,133842,22269,10941,11328,45005,22059,22946,22866,11103,11763,8812,4335,4477,1475,705,770,1430,563,867,1848,790,1058
26,Sonora,1,NO,Muy Disperso 1,389127,192913,196214,17369,8582,8787,123032,20116,9989,10127,42547,20953,21594,22028,10749,11279,10513,5156,5357,2011,910,1101,1848,782,1066,2819,1230,1589
26,Sonora,2,NO,Disperso 1,463504,232094,231410,21212,10514,10698,150179,24683,12238,12445,51569,25437,26132,27131,13345,13786,13080,6432,6648,1968,944,1024,1617,700,917,2845,1160,1685
26,Sonora,3,NO,Concentrado 2,498074,248605,249469,20972,10285,10687,149761,25251,12300,12951,52349,25626,26723,26183,12805,13378,11248,5477,5771,1651,753,898,1521,644,877,6921,2889,4032
26,Sonora,4,NO,Muy Disperso 2,361610,178962,182648,16179,7912,8267,108045,18027,8874,9153,36473,17829,18644,18800,9219,9581,8399,4140,4259,1726,801,925,1623,705,918,19693,9113,10580
26,Sonora,5,NO,Concentración Media,438184,220162,218022,14904,7391,7513,117174,18532,9236,9296,40972,20115,20857,21610,10416,11194,7526,3772,3754,1223,582,641,1028,413,615,2836,1059,1777
26,Sonora,6,NO,Concentrado 2,436310,221806,214504,17504,8612,8892,121283,19391,9609,9782,41263,20426,20837,21638,10613,11025,8702,4325,4377,1410,688,722,1339,588,751,3257,1407,1850
26,Sonora,7,NO,Disperso 2,358031,178101,179930,16154,7943,8211,106700,17132,8447,8685,34698,17081,17617,19160,9304,9856,6232,3019,3213,1024,477,547,1169,459,710,24437,11312,13125
27,Tabasco,1,NO,Disperso 2,342346,174054,168292,17848,8790,9058,114470,19331,9491,9840,39196,19209,19987,19249,9312,9937,3758,1863,1895,1563,745,818,1506,718,788,17070,8529,8541
27,Tabasco,2,NO,Disperso 1,433301,220968,212333,24937,12248,12689,156207,26642,13196,13446,53622,26263,27359,26089,12914,13175,9169,4434,4735,2404,1118,1286,2449,1206,1243,1319,623,696
27,Tabasco,3,NO,Concentración Media,354198,180631,173567,18441,9207,9234,120719,20926,10292,10634,41340,20533,20807,20672,10241,10431,4865,2344,2521,1412,694,718,1717,876,841,938,442,496
27,Tabasco,4,NO,Concentrado 2,393344,203978,189366,15392,7624,7768,106231,18165,8862,9303,36408,17945,18463,18149,8904,9245,3398,1674,1724,1317,660,657,892,440,452,26185,13371,12814
27,Tabasco,5,NO,Disperso 1,447988,228438,219550,21646,10657,10989,148563,25350,12468,12882,52062,25545,26517,25412,12536,12876,4350,2137,2213,1508,673,835,1295,621,674,32200,16118,16082
27,Tabasco,6,NO,Concentración Media,431421,220858,210563,20075,9888,10187,135329,22860,11427,11433,46577,22780,23797,23244,11434,11810,4640,2244,2396,1848,829,1019,1864,908,956,13313,6931,6382
28,Tamaulipas,1,NO,Concentrado 1,425055,215615,209440,19573,9701,9872,135686,23199,11490,11709,46884,23349,23535,23316,11480,11836,12192,5930,6262,2483,1176,1307,2371,1061,1310,1737,862,875
28,Tamaulipas,2,NO,Concentrado 2,343272,172263,171009,13512,6665,6847,93126,15528,7655,7873,32091,15816,16275,16403,8073,8330,6849,3376,3473,1786,886,900,1376,638,738,1772,863,909
28,Tamaulipas,3,NO,Disperso 2,401226,200747,200479,19919,9850,10069,130113,22264,11012,11252,44576,21740,22836,22277,10764,11513,11452,5627,5825,1893,870,1023,2167,972,1195,2190,1016,1174
28,Tamaulipas,4,NO,Altamente Concentrado 2,394957,201069,193888,17021,8397,8624,115994,19451,9681,9770,39224,19179,20045,20137,9870,10267,9984,4946,5038,1616,768,848,1455,612,843,2826,1402,1424
28,Tamaulipas,5,NO,Disperso 1,411106,210466,200640,17647,8624,9023,118932,19721,9738,9983,40414,19636,20778,20764,10284,10480,5767,2792,2975,1128,512,616,1172,495,677,725,351,374
28,Tamaulipas,6,NO,Muy Disperso 1,348796,176327,172469,15971,7898,8073,106022,17104,8561,8543,36183,17890,18293,18967,9351,9616,6484,3273,3211,1663,812,851,1888,798,1090,1082,489,593
28,Tamaulipas,7,NO,Concentrado 2,422042,215330,206712,17213,8572,8641,123548,20281,9945,10336,43172,21355,21817,21728,10605,11123,7288,3547,3741,1780,845,935,1540,646,894,4768,2482,2286
28,Tamaulipas,8,NO,Altamente Concentrado 2,351189,184623,166566,11259,5511,5748,81937,13762,6827,6935,27493,13502,13991,14297,7030,7267,3850,1872,1978,1081,529,552,835,355,480,2928,1567,1361
28,Tamaulipas,9,NO,Concentrado 2,430092,215155,214937,22843,11227,11616,141562,24463,12204,12259,49021,23978,25043,23859,11720,12139,14121,6976,7145,2973,1421,1552,2450,1129,1321,4623,2177,2446
29,Tlaxcala,1,NO,Concentrado 2,446499,229814,216685,22889,11387,11502,147657,24566,12118,12448,49282,24315,24967,25384,12530,12854,9462,4622,4840,1637,775,862,2065,906,1159,2680,1443,1237
29,Tlaxcala,2,NO,Concentrado 1,449226,231658,217568,19679,9743,9936,134083,22106,10936,11170,45378,22298,23080,23258,11478,11780,8283,4039,4244,1825,844,981,1779,801,978,22077,11021,11056
29,Tlaxcala,3,NO,Concentrado 2,447252,231611,215641,21391,10656,10735,139400,23835,11824,12011,46763,22916,23847,23385,11598,11787,9369,4563,4806,1589,729,860,1569,671,898,2417,1291,1126
30,Veracruz de Ignacio de la Llave,1,NO,Muy Disperso 1,347295,175795,171500,15205,7558,7647,102606,17332,8516,8816,34302,16664,17638,17758,8763,8995,6199,3081,3118,1106,522,584,1225,547,678,9847,4783,5064
30,Veracruz de Ignacio de la Llave,10,NO,Altamente Concentrado 2,405276,217492,187784,13158,6474,6684,100256,16703,8274,8429,34199,16981,17218,17457,8563,8894,5056,2455,2601,1123,522,601,909,416,493,2245,1137,1108
30,Veracruz de Ignacio de la Llave,11,NO,Concentrado 2,387593,201429,186164,15058,7427,7631,104412,19125,9365,9760,35101,17214,17887,17401,8450,8951,6523,3189,3334,1435,704,731,1170,564,606,6702,3594,3108
30,Veracruz de Ignacio de la Llave,12,NO,Concentrado 2,410802,217159,193643,11870,5822,6048,90936,14895,7337,7558,31420,15380,16040,16182,8008,8174,5387,2692,2695,1944,939,1005,1517,697,820,2264,1166,1098
30,Veracruz de Ignacio de la Llave,13,NO,Disperso 2,412770,212102,200668,18372,9103,9269,121190,19906,9769,10137,42415,20764,21651,20290,9963,10327,8862,4365,4497,2358,1105,1253,2979,1356,1623,3111,1639,1472
30,Veracruz de Ignacio de la Llave,14,NO,Disperso 2,375514,193746,181768,18216,8925,9291,119612,21099,10293,10806,40569,19987,20582,19813,9746,10067,9049,4377,4672,2096,1006,1090,2576,1230,1346,24142,12325,11817
30,Veracruz de Ignacio de la Llave,15,NO,Concentrado 2,441068,232123,208945,20859,10377,10482,139947,22437,11243,11194,47630,23627,24003,24194,11949,12245,9155,4542,4613,2663,1287,1376,3753,1682,2071,13174,7070,6104
30,Veracruz de Ignacio de la Llave,16,NO,Concentrado 2,419375,219888,199487,17351,8528,8823,120940,20037,9952,10085,41555,20587,20968,20917,10551,10366,8398,4147,4251,2136,1063,1073,2099,983,1116,4549,2468,2081
30,Veracruz de Ignacio de la Llave,17,NO,Disperso 1,388534,201810,186724,16832,8339,8493,114352,18823,9284,9539,39658,19593,20065,19591,9773,9818,7450,3709,3741,2247,1061,1186,2364,1114,1250,27083,14159,12924
30,Veracruz de Ignacio de la Llave,18,SI,Disperso 1,434163,224597,209566,23716,11809,11907,152480,24515,12275,12240,51323,25370,25953,26579,13215,13364,9896,4868,5028,2224,1014,1210,4427,2013,2414,176549,90906,85643
30,Veracruz de Ignacio de la Llave,19,NO,Disperso 1,411509,214484,197025,17236,8595,8641,118892,19555,9571,9984,40251,19780,20471,20346,9868,10478,7765,3740,4025,2484,1238,1246,2744,1408,1336,1280,634,646
30,Veracruz de Ignacio de la Llave,2,SI,Muy Disperso 1,363687,187770,175917,17097,8576,8521,121527,18718,9273,9445,40663,20100,20563,22667,11071,11596,4972,2412,2560,1111,522,589,1839,833,1006,174597,90736,83861
30,Veracruz de Ignacio de la Llave,20,NO,Disperso 1,417106,217544,199562,18373,9022,9351,127911,21563,10681,10882,43527,21555,21972,22023,10895,11128,7085,3426,3659,1677,784,893,1987,988,999,78723,40967,37756
30,Veracruz de Ignacio de la Llave,3,NO,Disperso 1,345564,178284,167280,14542,7307,7235,100130,16663,8318,8345,34418,17054,17364,17132,8372,8760,6682,3316,3366,1289,643,646,1143,522,621,14246,7133,7113
30,Veracruz de Ignacio de la Llave,4,NO,Concentrado 1,470921,246230,224691,15362,7638,7724,122304,20096,9947,10149,43261,21081,22180,21595,10726,10869,7724,3759,3965,2232,1045,1187,1724,799,925,3105,1642,1463
30,Veracruz de Ignacio de la Llave,5,NO,Concentrado 2,336051,177441,158610,12735,6314,6421,92449,15617,7820,7797,31811,15835,15976,15846,7846,8000,6304,3063,3241,1429,669,760,1153,546,607,9119,4881,4238
30,Veracruz de Ignacio de la Llave,6,SI,Disperso 1,400805,206820,193985,17660,8820,8840,124793,19935,9761,10174,43041,21085,21956,21983,10690,11293,7394,3552,3842,1658,781,877,2366,1137,1229,107706,55926,51780
30,Veracruz de Ignacio de la Llave,7,NO,Disperso 1,417404,215605,201799,21359,10589,10770,139169,22585,11070,11515,47662,23475,24187,23594,11660,11934,11022,5335,5687,2158,984,1174,3259,1427,1832,2443,1242,1201
30,Veracruz de Ignacio de la Llave,8,NO,Disperso 1,463852,238355,225497,18358,8954,9404,130908,21425,10635,10790,44975,22164,22811,22724,11259,11465,8021,3984,4037,1929,929,1000,2263,1034,1229,1639,779,860
30,Veracruz de Ignacio de la Llave,9,NO,Concentración Media,413290,212131,201159,19387,9525,9862,134121,21732,10791,10941,46226,22706,23520,23297,11528,11769,9129,4521,4608,1751,809,942,2670,1211,1459,979,485,494
31,Yucatán,1,SI,Disperso 1,418179,209291,208888,22477,11125,11352,140753,23216,11510,11706,46498,23048,23450,24248,11942,12306,6546,3220,3326,1135,522,613,2064,997,1067,192917,93880,99037
31,Yucatán,2,SI,Concentración Media,470084,236064,234020,20765,10264,10501,140937,24242,11943,12299,48132,23899,24233,23889,11870,12019,7457,3590,3867,1488,699,789,1702,771,931,75083,35817,39266
31,Yucatán,3,NO,Concentrado 1,509721,262185,247536,20337,10019,10318,137315,23579,11740,11839,46160,22726,23434,23170,11420,11750,6570,3309,3261,1416,654,762,1293,585,708,41734,21280,20454
31,Yucatán,4,NO,Concentrado 1,481916,251836,230080,14583,7092,7491,105375,17335,8426,8909,34708,17175,17533,18699,9229,9470,3380,1607,1773,989,492,497,690,333,357,29021,15358,13663
31,Yucatán,5,SI,Disperso 1,440998,221243,219755,22989,11341,11648,142542,24764,12243,12521,48013,23616,24397,23441,11547,11894,6639,3176,3463,1241,598,643,2176,1049,1127,186337,91635,94702
32,Zacatecas,1,NO,Disperso 1,401248,204384,196864,23355,11498,11857,139298,24319,11972,12347,47677,23798,23879,22546,11229,11317,9832,4850,4982,2085,988,1097,2588,1140,1448,1078,504,574
32,Zacatecas,2,NO,Muy Disperso 1,382209,195915,186294,20205,10044,10161,124394,21525,10760,10765,42410,21037,21373,20747,10199,10548,6628,3300,3328,1249,575,674,1976,859,1117,2158,1017,1141
32,Zacatecas,3,NO,Disperso 2,388643,198960,189683,19795,9818,9977,123235,21509,10599,10910,41270,20365,20905,20568,10062,10506,6216,3018,3198,1386,657,729,1903,834,1069,1039,438,601
32,Zacatecas,4,NO,Disperso 1,450038,231821,218217,25078,12460,12618,157757,27970,13733,14237,53946,26701,27245,25884,12613,13271,8580,4090,4490,1320,606,714,2053,804,1249,730,306,424